J=3.228*(10^(-6));
b=3.5077*(10^(-6));
ke=0.0274;
kt=0.0274;
R=4;
L=2.75*(10^(-6));